function [RFpulses, TR]=generate_RF_TR(num_of_TR)
RFpulses=[5.940
6.410
6.880
7.350
7.820
8.290
8.760
9.230
9.690
10.160
10.620
11.080
11.540
12
12.460
12.920
13.370
13.820
14.270
14.720
15.160
15.60
16.040
16.480
16.910
17.350
17.770
18.20
18.620
19.040
19.450
19.860
20.270
20.670
21.070
21.470
21.860
22.250
22.630
23.010
23.390
23.760
24.120
24.480
24.840
25.190
25.540
25.880
26.210
26.540
26.870
27.190
27.50
27.810
28.120
28.410
28.70
28.990
29.270
29.540
29.810
30.070
30.330
30.580
30.820
31.060
31.290
31.510
31.730
31.940
32.140
32.340
32.530
32.720
32.890
33.060
33.230
33.380
33.530
33.670
33.810
33.940
34.060
34.170
34.280
34.380
34.470
34.550
34.630
34.70
34.760
34.820
34.870
34.910
34.940
34.970
34.990
35
35
35
34.990
34.970
34.940
34.910
34.870
34.820
34.760
34.70
34.630
34.550
34.470
34.380
34.280
34.170
34.060
33.940
33.810
33.670
33.530
33.380
33.230
33.060
32.890
32.720
32.530
32.340
32.140
31.940
31.730
31.510
31.290
31.060
30.820
30.580
30.330
30.070
29.810
29.540
29.270
28.990
28.70
28.410
28.120
27.810
27.50
27.190
26.870
26.540
26.210
25.880
25.540
25.190
24.840
24.480
24.120
23.760
23.390
23.010
22.630
22.250
21.860
21.470
21.070
20.670
20.270
19.860
19.450
19.040
18.620
18.20
17.770
17.350
16.910
16.480
16.040
15.60
15.160
14.720
14.270
13.820
13.370
12.920
12.460
12
11.540
11.080
10.620
10.160
9.690
9.230
8.760
8.290
7.820
7.350
6.880
6.410
5.940
5.470
5
0
0
0
0
0
0
0
0
0
0
5.600
6.190
6.790
7.390
7.980
8.580
9.170
9.760
10.350
10.940
11.530
12.120
12.710
13.290
13.870
14.450
15.030
15.60
16.170
16.740
17.310
17.870
18.430
18.990
19.540
20.090
20.640
21.180
21.720
22.250
22.780
23.310
23.830
24.340
24.850
25.360
25.860
26.360
26.850
27.340
27.820
28.290
28.760
29.220
29.680
30.130
30.570
31.010
31.440
31.870
32.290
32.70
33.110
33.50
33.90
34.280
34.660
35.030
35.390
35.740
36.090
36.430
36.760
37.080
37.40
37.710
38.010
38.30
38.580
38.860
39.130
39.380
39.630
39.870
40.110
40.330
40.550
40.750
40.950
41.140
41.320
41.490
41.650
41.810
41.950
42.080
42.210
42.330
42.430
42.530
42.620
42.70
42.770
42.830
42.880
42.930
42.960
42.980
43
43
43
42.980
42.960
42.930
42.880
42.830
42.770
42.70
42.620
42.530
42.430
42.330
42.210
42.080
41.950
41.810
41.650
41.490
41.320
41.140
40.950
40.750
40.550
40.330
40.110
39.870
39.630
39.380
39.130
38.860
38.580
38.30
38.010
37.710
37.40
37.080
36.760
36.430
36.090
35.740
35.390
35.030
34.660
34.280
33.90
33.50
33.110
32.70
32.290
31.870
31.440
31.010
30.570
30.130
29.680
29.220
28.760
28.290
27.820
27.340
26.850
26.360
25.860
25.360
24.850
24.340
23.830
23.310
22.780
22.250
21.720
21.180
20.640
20.090
19.540
18.990
18.430
17.870
17.310
16.740
16.170
15.60
15.030
14.450
13.870
13.290
12.710
12.120
11.530
10.940
10.350
9.760
9.170
8.580
7.980
7.390
6.790
6.190
5.600
5
0
0
0
0
0
0
0
0
0
0
6.020
7.040
8.060
9.080
10.10
11.120
12.130
13.150
14.160
15.170
16.180
17.180
18.180
19.180
20.170
21.160
22.150
23.130
24.110
25.090
26.050
27.020
27.980
28.930
29.870
30.810
31.750
32.680
33.60
34.510
35.420
36.310
37.20
38.090
38.960
39.830
40.690
41.540
42.380
43.210
44.030
44.840
45.640
46.430
47.210
47.990
48.750
49.50
50.230
50.960
51.680
52.380
53.080
53.760
54.430
55.080
55.730
56.360
56.980
57.590
58.180
58.760
59.330
59.880
60.420
60.950
61.460
61.960
62.440
62.920
63.370
63.810
64.240
64.650
65.050
65.440
65.80
66.160
66.50
66.820
67.130
67.420
67.70
67.960
68.20
68.430
68.650
68.850
69.030
69.20
69.350
69.490
69.610
69.710
69.80
69.870
69.930
69.970
69.990
70
69.990
69.970
69.930
69.870
69.80
69.710
69.610
69.490
69.350
69.20
69.030
68.850
68.650
68.430
68.20
67.960
67.70
67.420
67.130
66.820
66.50
66.160
65.80
65.440
65.050
64.650
64.240
63.810
63.370
62.920
62.440
61.960
61.460
60.950
60.420
59.880
59.330
58.760
58.180
57.590
56.980
56.360
55.730
55.080
54.430
53.760
53.080
52.380
51.680
50.960
50.230
49.50
48.750
47.990
47.210
46.430
45.640
44.840
44.030
43.210
42.380
41.540
40.690
39.830
38.960
38.090
37.20
36.310
35.420
34.510
33.60
32.680
31.750
30.810
29.870
28.930
27.980
27.020
26.050
25.090
24.110
23.130
22.150
21.160
20.170
19.180
18.180
17.180
16.180
15.170
14.160
13.150
12.130
11.120
10.10
9.080
8.060
7.040
6.020
5
0
0
0
0
0
0
0
0
0
5.630
6.260
6.880
7.510
8.140
8.760
9.390
10.010
10.640
11.260
11.880
12.50
13.110
13.730
14.340
14.950
15.550
16.160
16.760
17.360
17.960
18.550
19.140
19.720
20.310
20.890
21.460
22.030
22.60
23.160
23.720
24.270
24.820
25.360
25.90
26.430
26.960
27.480
28
28.510
29.020
29.520
30.010
30.50
30.980
31.450
31.920
32.380
32.840
33.280
33.730
34.160
34.590
35
35.420
35.820
36.220
36.610
36.990
37.360
37.730
38.080
38.430
38.770
39.110
39.430
39.750
40.050
40.350
40.640
40.920
41.190
41.460
41.710
41.960
42.190
42.420
42.640
42.840
43.040
43.230
43.410
43.580
43.740
43.890
44.040
44.170
44.290
44.40
44.510
44.60
44.680
44.760
44.820
44.880
44.920
44.960
44.980
45
45
45
44.980
44.960
44.920
44.880
44.820
44.760
44.680
44.60
44.510
44.40
44.290
44.170
44.040
43.890
43.740
43.580
43.410
43.230
43.040
42.840
42.640
42.420
42.190
41.960
41.710
41.460
41.190
40.920
40.640
40.350
40.050
39.750
39.430
39.110
38.770
38.430
38.080
37.730
37.360
36.990
36.610
36.220
35.820
35.420
35
34.590
34.160
33.730
33.280
32.840
32.380
31.920
31.450
30.980
30.50
30.010
29.520
29.020
28.510
28
27.480
26.960
26.430
25.90
25.360
24.820
24.270
23.720
23.160
22.60
22.030
21.460
20.890
20.310
19.720
19.140
18.550
17.960
17.360
16.760
16.160
15.550
14.950
14.340
13.730
13.110
12.50
11.880
11.260
10.640
10.010
9.390
8.760
8.140
7.510
6.880
6.260
5.630
5
0
0
0
0
0
0
0
0
0
0
0
5.350
5.690
6.040
6.380
6.730
7.070
7.410
7.760
8.100
8.440
8.780
9.120
9.460
9.800
10.140
10.470
10.810
11.140
11.470
11.80
12.130
12.450
12.780
13.10
13.420
13.740
14.050
14.370
14.680
14.990
15.290
15.60
15.90
16.20
16.490
16.790
17.080
17.370
17.650
17.930
18.210
18.480
18.760
19.020
19.290
19.550
19.810
20.060
20.310
20.560
20.80
21.040
21.270
21.50
21.730
21.950
22.170
22.380
22.590
22.80
23
23.20
23.390
23.580
23.760
23.940
24.110
24.280
24.440
24.60
24.760
24.910
25.050
25.190
25.330
25.460
25.580
25.70
25.810
25.920
26.030
26.130
26.220
26.310
26.390
26.470
26.540
26.610
26.670
26.730
26.780
26.830
26.870
26.90
26.930
26.960
26.980
26.990
27
27
27
26.990
26.980
26.960
26.930
26.90
26.870
26.830
26.780
26.730
26.670
26.610
26.540
26.470
26.390
26.310
26.220
26.130
26.030
25.920
25.810
25.70
25.580
25.460
25.330
25.190
25.050
24.910
24.760
24.60
24.440
24.280
24.110
23.940
23.760
23.580
23.390
23.20
23
22.80
22.590
22.380
22.170
21.950
21.730
21.50
21.270
21.040
20.80
20.560
20.310
20.060
19.810
19.550
19.290
19.020
18.760
18.480
18.210
17.930
17.650
17.370
17.080
16.790
16.490
16.20
15.90
15.60
15.290
14.990
14.680
14.370
14.050
13.740
13.420
13.10
12.780
12.450
12.130
11.80
11.470
11.140
10.810
10.470
10.140
9.800
9.460
9.120
8.780
8.440
8.100
7.760
7.410
7.070
6.730
6.380
6.040
5.690
5.350
5];
